Mach Virtual Memory Statistics: (page size of 4096 bytes)
    free   active   specul inactive throttle    wired  prgable   faults     copy    0fill reactive   purged file-backed anonymous cmprssed cmprssor  dcomprs   comprs  pageins  pageout  swapins swapouts
    7195  1518300     8960  1508987        0   819127   168572 1198777K 28998520  724592K 48923518 23005937      897244   2139003  1749303   331227 34304126 65421640 51933426   611005 11133723 12780742 
    4922  1520417     8961  1510708        0   817609   170110     2656        0     2646        0        0      897244   2142842  1749301   331227        2        0        0        0        0        0 
    5550  1520096     7451  1512164        0   817363   170102     5219        1     5112        4       18      894220   2145491  1749524   331315        1      224        0       48        0        0 
    5829  1518872     6993  1512701        0   817262   168551     3231        0     3158        0        0      893090   2145476  1750690   331955        1     1167        0        0        0        0 
    5203  1519957     6994  1511873        0   817142   168551     3270        0     3192       20        0      893071   2145753  1752731   332603        7     2048        0        0        0        0 
    4011  1513759     6955  1506283        0   825371   166051    40272        0    40175     1267      128      893032   2133965  1767050   337323        4    14323        0        0        0        0 
    9883  1513772     6955  1506134        0   819729   161031    95809        0    95679        0     8201      893032   2133829  1767029   337323       21        0        0        0        0        0 
    7551  1516701     6956  1509504        0   815919   164850     3157        2     3070        0        0      893033   2140128  1767024   337323        5        0        0        0        0        0 
    4724  1518243     6958  1510488        0   815970   164904     2805        0     2766       18        0      893035   2142654  1767010   337323       14        0        0        0        0        0 
[1]  + done       ./ex2
   30770  1505046     6957  1497915        0   815753   165048       54        2       38        0        0      893034   2116884  1767010   337323        0        0        0        0        0        0 
   30805  1505005     6958  1497869        0   815817   164984        6        0        4        0        0      893035   2116797  1767010   337323        0        0        0        0        0        0 
   30863  1505040     6963  1497879        0   815767   165039       46        0       40        0        0      893039   2116843  1767010   337323        0        0        0        0        0        0 
^C

//i have macOS
